#
# Sample name: Sample title.                                                   
# Sample id:   
# Sample type: 
# User name:   
# Sample description: 
#
# Start time:    2019-03-22, 13:48:02
# Real time (s): 300.129
# Live time (s): 300.000
#
# Total counts:  30417
#
# Left marker:  237 (458.873 keV)
# Right marker: 274 (534.434 keV)
# Counts:  155
#
# Energy calibration coefficients ( E = sum(Ai * n**i) )
#     A0: -25.120346
#     A1: 2.042167
#     A2: 0.000000
#     A3: 0.000000
# Energy unit: keV
#
# Channel data
# n	energy	counts	rate
#-----------------------------------------------------------------------
1	-23.078	0	0
2	-21.036	0	0
3	-18.994	0	0
4	-16.952	0	0
5	-14.910	0	0
6	-12.867	0	0
7	-10.825	0	0
8	-8.783	1	0.00333333
9	-6.741	17	0.0566667
10	-4.699	25	0.0833333
11	-2.657	66	0.22
12	-0.614	246	0.82
13	1.428	719	2.39667
14	3.470	1507	5.02333
15	5.512	2263	7.54333
16	7.554	2611	8.70333
17	9.597	2777	9.25667
18	11.639	2862	9.54
19	13.681	2763	9.21
20	15.723	2133	7.11
21	17.765	1447	4.82333
22	19.807	697	2.32333
23	21.850	304	1.01333
24	23.892	105	0.35
25	25.934	32	0.106667
26	27.976	24	0.08
27	30.018	24	0.08
28	32.060	14	0.0466667
29	34.103	21	0.07
30	36.145	19	0.0633333
31	38.187	16	0.0533333
32	40.229	17	0.0566667
33	42.271	14	0.0466667
34	44.313	13	0.0433333
35	46.356	28	0.0933333
36	48.398	25	0.0833333
37	50.440	26	0.0866667
38	52.482	46	0.153333
39	54.524	64	0.213333
40	56.566	68	0.226667
41	58.609	56	0.186667
42	60.651	67	0.223333
43	62.693	66	0.22
44	64.735	69	0.23
45	66.777	51	0.17
46	68.819	47	0.156667
47	70.862	51	0.17
48	72.904	50	0.166667
49	74.946	68	0.226667
50	76.988	61	0.203333
51	79.030	68	0.226667
52	81.072	81	0.27
53	83.115	87	0.29
54	85.157	97	0.323333
55	87.199	105	0.35
56	89.241	150	0.5
57	91.283	217	0.723333
58	93.325	325	1.08333
59	95.368	444	1.48
60	97.410	550	1.83333
61	99.452	605	2.01667
62	101.494	678	2.26
63	103.536	635	2.11667
64	105.578	576	1.92
65	107.621	548	1.82667
66	109.663	394	1.31333
67	111.705	309	1.03
68	113.747	183	0.61
69	115.789	91	0.303333
70	117.831	61	0.203333
71	119.874	17	0.0566667
72	121.916	9	0.03
73	123.958	13	0.0433333
74	126.000	7	0.0233333
75	128.042	7	0.0233333
76	130.084	3	0.01
77	132.127	18	0.06
78	134.169	8	0.0266667
79	136.211	6	0.02
80	138.253	10	0.0333333
81	140.295	8	0.0266667
82	142.337	11	0.0366667
83	144.380	8	0.0266667
84	146.422	11	0.0366667
85	148.464	11	0.0366667
86	150.506	5	0.0166667
87	152.548	16	0.0533333
88	154.590	11	0.0366667
89	156.633	8	0.0266667
90	158.675	8	0.0266667
91	160.717	9	0.03
92	162.759	6	0.02
93	164.801	12	0.04
94	166.843	10	0.0333333
95	168.886	10	0.0333333
96	170.928	7	0.0233333
97	172.970	16	0.0533333
98	175.012	13	0.0433333
99	177.054	4	0.0133333
100	179.096	3	0.01
101	181.139	3	0.01
102	183.181	12	0.04
103	185.223	8	0.0266667
104	187.265	5	0.0166667
105	189.307	10	0.0333333
106	191.349	9	0.03
107	193.392	7	0.0233333
108	195.434	8	0.0266667
109	197.476	9	0.03
110	199.518	9	0.03
111	201.560	5	0.0166667
112	203.602	7	0.0233333
113	205.645	8	0.0266667
114	207.687	6	0.02
115	209.729	14	0.0466667
116	211.771	11	0.0366667
117	213.813	9	0.03
118	215.855	4	0.0133333
119	217.898	8	0.0266667
120	219.940	10	0.0333333
121	221.982	10	0.0333333
122	224.024	2	0.00666667
123	226.066	4	0.0133333
124	228.108	6	0.02
125	230.151	6	0.02
126	232.193	6	0.02
127	234.235	11	0.0366667
128	236.277	12	0.04
129	238.319	10	0.0333333
130	240.361	5	0.0166667
131	242.404	10	0.0333333
132	244.446	8	0.0266667
133	246.488	7	0.0233333
134	248.530	8	0.0266667
135	250.572	11	0.0366667
136	252.614	11	0.0366667
137	254.657	7	0.0233333
138	256.699	6	0.02
139	258.741	6	0.02
140	260.783	10	0.0333333
141	262.825	6	0.02
142	264.867	8	0.0266667
143	266.910	12	0.04
144	268.952	9	0.03
145	270.994	14	0.0466667
146	273.036	5	0.0166667
147	275.078	10	0.0333333
148	277.120	8	0.0266667
149	279.163	10	0.0333333
150	281.205	13	0.0433333
151	283.247	6	0.02
152	285.289	8	0.0266667
153	287.331	6	0.02
154	289.373	8	0.0266667
155	291.416	6	0.02
156	293.458	8	0.0266667
157	295.500	7	0.0233333
158	297.542	10	0.0333333
159	299.584	3	0.01
160	301.626	8	0.0266667
161	303.669	7	0.0233333
162	305.711	8	0.0266667
163	307.753	5	0.0166667
164	309.795	5	0.0166667
165	311.837	3	0.01
166	313.879	7	0.0233333
167	315.922	4	0.0133333
168	317.964	10	0.0333333
169	320.006	3	0.01
170	322.048	5	0.0166667
171	324.090	11	0.0366667
172	326.132	9	0.03
173	328.175	1	0.00333333
174	330.217	6	0.02
175	332.259	6	0.02
176	334.301	4	0.0133333
177	336.343	7	0.0233333
178	338.385	6	0.02
179	340.428	4	0.0133333
180	342.470	6	0.02
181	344.512	5	0.0166667
182	346.554	5	0.0166667
183	348.596	5	0.0166667
184	350.638	5	0.0166667
185	352.681	5	0.0166667
186	354.723	5	0.0166667
187	356.765	7	0.0233333
188	358.807	7	0.0233333
189	360.849	13	0.0433333
190	362.891	5	0.0166667
191	364.934	4	0.0133333
192	366.976	7	0.0233333
193	369.018	4	0.0133333
194	371.060	5	0.0166667
195	373.102	3	0.01
196	375.144	8	0.0266667
197	377.187	7	0.0233333
198	379.229	7	0.0233333
199	381.271	5	0.0166667
200	383.313	7	0.0233333
201	385.355	1	0.00333333
202	387.397	5	0.0166667
203	389.440	1	0.00333333
204	391.482	4	0.0133333
205	393.524	6	0.02
206	395.566	4	0.0133333
207	397.608	3	0.01
208	399.650	3	0.01
209	401.693	4	0.0133333
210	403.735	3	0.01
211	405.777	5	0.0166667
212	407.819	2	0.00666667
213	409.861	3	0.01
214	411.903	6	0.02
215	413.946	10	0.0333333
216	415.988	4	0.0133333
217	418.030	3	0.01
218	420.072	2	0.00666667
219	422.114	5	0.0166667
220	424.156	5	0.0166667
221	426.199	8	0.0266667
222	428.241	3	0.01
223	430.283	2	0.00666667
224	432.325	7	0.0233333
225	434.367	6	0.02
226	436.409	3	0.01
227	438.452	8	0.0266667
228	440.494	4	0.0133333
229	442.536	7	0.0233333
230	444.578	4	0.0133333
231	446.620	6	0.02
232	448.662	3	0.01
233	450.705	5	0.0166667
234	452.747	8	0.0266667
235	454.789	7	0.0233333
236	456.831	9	0.03
237	458.873	7	0.0233333
238	460.916	2	0.00666667
239	462.958	5	0.0166667
240	465.000	3	0.01
241	467.042	2	0.00666667
242	469.084	8	0.0266667
243	471.126	6	0.02
244	473.169	4	0.0133333
245	475.211	9	0.03
246	477.253	4	0.0133333
247	479.295	6	0.02
248	481.337	5	0.0166667
249	483.379	6	0.02
250	485.422	0	0
251	487.464	9	0.03
252	489.506	6	0.02
253	491.548	4	0.0133333
254	493.590	4	0.0133333
255	495.632	6	0.02
256	497.675	1	0.00333333
257	499.717	1	0.00333333
258	501.759	7	0.0233333
259	503.801	5	0.0166667
260	505.843	7	0.0233333
261	507.885	1	0.00333333
262	509.928	6	0.02
263	511.970	2	0.00666667
264	514.012	1	0.00333333
265	516.054	3	0.01
266	518.096	5	0.0166667
267	520.138	3	0.01
268	522.181	3	0.01
269	524.223	4	0.0133333
270	526.265	4	0.0133333
271	528.307	2	0.00666667
272	530.349	4	0.0133333
273	532.391	5	0.0166667
274	534.434	2	0.00666667
275	536.476	2	0.00666667
276	538.518	3	0.01
277	540.560	5	0.0166667
278	542.602	3	0.01
279	544.644	2	0.00666667
280	546.687	6	0.02
281	548.729	3	0.01
282	550.771	4	0.0133333
283	552.813	4	0.0133333
284	554.855	6	0.02
285	556.897	11	0.0366667
286	558.940	5	0.0166667
287	560.982	3	0.01
288	563.024	3	0.01
289	565.066	1	0.00333333
290	567.108	3	0.01
291	569.150	5	0.0166667
292	571.193	3	0.01
293	573.235	5	0.0166667
294	575.277	2	0.00666667
295	577.319	1	0.00333333
296	579.361	3	0.01
297	581.403	0	0
298	583.446	4	0.0133333
299	585.488	5	0.0166667
300	587.530	4	0.0133333
301	589.572	2	0.00666667
302	591.614	2	0.00666667
303	593.656	5	0.0166667
304	595.699	4	0.0133333
305	597.741	10	0.0333333
306	599.783	4	0.0133333
307	601.825	5	0.0166667
308	603.867	4	0.0133333
309	605.909	4	0.0133333
310	607.952	5	0.0166667
311	609.994	6	0.02
312	612.036	2	0.00666667
313	614.078	3	0.01
314	616.120	7	0.0233333
315	618.162	3	0.01
316	620.205	5	0.0166667
317	622.247	2	0.00666667
318	624.289	3	0.01
319	626.331	8	0.0266667
320	628.373	4	0.0133333
321	630.415	5	0.0166667
322	632.458	5	0.0166667
323	634.500	4	0.0133333
324	636.542	5	0.0166667
325	638.584	7	0.0233333
326	640.626	4	0.0133333
327	642.668	3	0.01
328	644.711	2	0.00666667
329	646.753	2	0.00666667
330	648.795	5	0.0166667
331	650.837	3	0.01
332	652.879	5	0.0166667
333	654.921	6	0.02
334	656.964	7	0.0233333
335	659.006	3	0.01
336	661.048	5	0.0166667
337	663.090	4	0.0133333
338	665.132	3	0.01
339	667.174	2	0.00666667
340	669.217	4	0.0133333
341	671.259	3	0.01
342	673.301	5	0.0166667
343	675.343	3	0.01
344	677.385	5	0.0166667
345	679.427	2	0.00666667
346	681.470	1	0.00333333
347	683.512	4	0.0133333
348	685.554	4	0.0133333
349	687.596	4	0.0133333
350	689.638	0	0
351	691.680	3	0.01
352	693.723	4	0.0133333
353	695.765	2	0.00666667
354	697.807	1	0.00333333
355	699.849	0	0
356	701.891	1	0.00333333
357	703.933	5	0.0166667
358	705.976	2	0.00666667
359	708.018	1	0.00333333
360	710.060	2	0.00666667
361	712.102	1	0.00333333
362	714.144	1	0.00333333
363	716.186	1	0.00333333
364	718.229	2	0.00666667
365	720.271	5	0.0166667
366	722.313	1	0.00333333
367	724.355	3	0.01
368	726.397	4	0.0133333
369	728.439	2	0.00666667
370	730.482	3	0.01
371	732.524	4	0.0133333
372	734.566	4	0.0133333
373	736.608	2	0.00666667
374	738.650	2	0.00666667
375	740.692	3	0.01
376	742.735	1	0.00333333
377	744.777	4	0.0133333
378	746.819	2	0.00666667
379	748.861	4	0.0133333
380	750.903	1	0.00333333
381	752.945	1	0.00333333
382	754.988	4	0.0133333
383	757.030	3	0.01
384	759.072	4	0.0133333
385	761.114	3	0.01
386	763.156	4	0.0133333
387	765.198	1	0.00333333
388	767.241	5	0.0166667
389	769.283	2	0.00666667
390	771.325	1	0.00333333
391	773.367	4	0.0133333
392	775.409	0	0
393	777.451	1	0.00333333
394	779.494	3	0.01
395	781.536	2	0.00666667
396	783.578	1	0.00333333
397	785.620	4	0.0133333
398	787.662	4	0.0133333
399	789.704	3	0.01
400	791.747	1	0.00333333
401	793.789	3	0.01
402	795.831	2	0.00666667
403	797.873	3	0.01
404	799.915	10	0.0333333
405	801.957	6	0.02
406	804.000	1	0.00333333
407	806.042	1	0.00333333
408	808.084	5	0.0166667
409	810.126	5	0.0166667
410	812.168	6	0.02
411	814.210	6	0.02
412	816.253	2	0.00666667
413	818.295	3	0.01
414	820.337	4	0.0133333
415	822.379	3	0.01
416	824.421	4	0.0133333
417	826.463	3	0.01
418	828.506	4	0.0133333
419	830.548	1	0.00333333
420	832.590	6	0.02
421	834.632	4	0.0133333
422	836.674	4	0.0133333
423	838.716	6	0.02
424	840.759	4	0.0133333
425	842.801	8	0.0266667
426	844.843	4	0.0133333
427	846.885	3	0.01
428	848.927	3	0.01
429	850.969	8	0.0266667
430	853.012	3	0.01
431	855.054	3	0.01
432	857.096	5	0.0166667
433	859.138	3	0.01
434	861.180	2	0.00666667
435	863.222	0	0
436	865.265	3	0.01
437	867.307	3	0.01
438	869.349	2	0.00666667
439	871.391	2	0.00666667
440	873.433	3	0.01
441	875.475	2	0.00666667
442	877.518	4	0.0133333
443	879.560	3	0.01
444	881.602	3	0.01
445	883.644	3	0.01
446	885.686	2	0.00666667
447	887.728	1	0.00333333
448	889.771	1	0.00333333
449	891.813	3	0.01
450	893.855	3	0.01
451	895.897	1	0.00333333
452	897.939	0	0
453	899.981	3	0.01
454	902.024	0	0
455	904.066	2	0.00666667
456	906.108	2	0.00666667
457	908.150	0	0
458	910.192	4	0.0133333
459	912.235	3	0.01
460	914.277	3	0.01
461	916.319	2	0.00666667
462	918.361	2	0.00666667
463	920.403	0	0
464	922.445	1	0.00333333
465	924.488	2	0.00666667
466	926.530	1	0.00333333
467	928.572	1	0.00333333
468	930.614	0	0
469	932.656	3	0.01
470	934.698	1	0.00333333
471	936.741	2	0.00666667
472	938.783	5	0.0166667
473	940.825	2	0.00666667
474	942.867	2	0.00666667
475	944.909	3	0.01
476	946.951	1	0.00333333
477	948.994	2	0.00666667
478	951.036	0	0
479	953.078	4	0.0133333
480	955.120	1	0.00333333
481	957.162	3	0.01
482	959.204	0	0
483	961.247	3	0.01
484	963.289	1	0.00333333
485	965.331	2	0.00666667
486	967.373	1	0.00333333
487	969.415	1	0.00333333
488	971.457	1	0.00333333
489	973.500	3	0.01
490	975.542	2	0.00666667
491	977.584	2	0.00666667
492	979.626	1	0.00333333
493	981.668	3	0.01
494	983.710	0	0
495	985.753	3	0.01
496	987.795	1	0.00333333
497	989.837	3	0.01
498	991.879	4	0.0133333
499	993.921	3	0.01
500	995.963	6	0.02
501	998.006	1	0.00333333
502	1000.048	2	0.00666667
503	1002.090	2	0.00666667
504	1004.132	2	0.00666667
505	1006.174	1	0.00333333
506	1008.216	2	0.00666667
507	1010.259	2	0.00666667
508	1012.301	4	0.0133333
509	1014.343	1	0.00333333
510	1016.385	1	0.00333333
511	1018.427	3	0.01
512	1020.469	2	0.00666667
513	1022.512	2	0.00666667
514	1024.554	1	0.00333333
515	1026.596	2	0.00666667
516	1028.638	0	0
517	1030.680	3	0.01
518	1032.722	3	0.01
519	1034.765	2	0.00666667
520	1036.807	1	0.00333333
521	1038.849	1	0.00333333
522	1040.891	2	0.00666667
523	1042.933	1	0.00333333
524	1044.975	0	0
525	1047.018	1	0.00333333
526	1049.060	1	0.00333333
527	1051.102	2	0.00666667
528	1053.144	3	0.01
529	1055.186	4	0.0133333
530	1057.228	2	0.00666667
531	1059.271	0	0
532	1061.313	2	0.00666667
533	1063.355	3	0.01
534	1065.397	1	0.00333333
535	1067.439	0	0
536	1069.481	2	0.00666667
537	1071.524	3	0.01
538	1073.566	0	0
539	1075.608	2	0.00666667
540	1077.650	1	0.00333333
541	1079.692	3	0.01
542	1081.734	1	0.00333333
543	1083.777	2	0.00666667
544	1085.819	2	0.00666667
545	1087.861	2	0.00666667
546	1089.903	1	0.00333333
547	1091.945	2	0.00666667
548	1093.987	2	0.00666667
549	1096.030	1	0.00333333
550	1098.072	2	0.00666667
551	1100.114	2	0.00666667
552	1102.156	3	0.01
553	1104.198	1	0.00333333
554	1106.240	1	0.00333333
555	1108.283	4	0.0133333
556	1110.325	1	0.00333333
557	1112.367	3	0.01
558	1114.409	1	0.00333333
559	1116.451	3	0.01
560	1118.493	1	0.00333333
561	1120.536	4	0.0133333
562	1122.578	1	0.00333333
563	1124.620	3	0.01
564	1126.662	4	0.0133333
565	1128.704	2	0.00666667
566	1130.746	5	0.0166667
567	1132.789	3	0.01
568	1134.831	0	0
569	1136.873	1	0.00333333
570	1138.915	0	0
571	1140.957	2	0.00666667
572	1142.999	1	0.00333333
573	1145.042	2	0.00666667
574	1147.084	2	0.00666667
575	1149.126	4	0.0133333
576	1151.168	3	0.01
577	1153.210	2	0.00666667
578	1155.252	0	0
579	1157.295	0	0
580	1159.337	0	0
581	1161.379	2	0.00666667
582	1163.421	4	0.0133333
583	1165.463	1	0.00333333
584	1167.505	2	0.00666667
585	1169.548	4	0.0133333
586	1171.590	2	0.00666667
587	1173.632	1	0.00333333
588	1175.674	2	0.00666667
589	1177.716	2	0.00666667
590	1179.758	2	0.00666667
591	1181.801	4	0.0133333
592	1183.843	5	0.0166667
593	1185.885	2	0.00666667
594	1187.927	1	0.00333333
595	1189.969	4	0.0133333
596	1192.011	1	0.00333333
597	1194.054	1	0.00333333
598	1196.096	4	0.0133333
599	1198.138	0	0
600	1200.180	0	0
601	1202.222	2	0.00666667
602	1204.264	2	0.00666667
603	1206.307	0	0
604	1208.349	1	0.00333333
605	1210.391	1	0.00333333
606	1212.433	1	0.00333333
607	1214.475	4	0.0133333
608	1216.517	1	0.00333333
609	1218.560	2	0.00666667
610	1220.602	3	0.01
611	1222.644	1	0.00333333
612	1224.686	0	0
613	1226.728	2	0.00666667
614	1228.770	1	0.00333333
615	1230.813	3	0.01
616	1232.855	2	0.00666667
617	1234.897	1	0.00333333
618	1236.939	1	0.00333333
619	1238.981	2	0.00666667
620	1241.023	2	0.00666667
621	1243.066	2	0.00666667
622	1245.108	1	0.00333333
623	1247.150	3	0.01
624	1249.192	1	0.00333333
625	1251.234	5	0.0166667
626	1253.276	1	0.00333333
627	1255.319	0	0
628	1257.361	4	0.0133333
629	1259.403	0	0
630	1261.445	0	0
631	1263.487	2	0.00666667
632	1265.529	0	0
633	1267.572	0	0
634	1269.614	2	0.00666667
635	1271.656	3	0.01
636	1273.698	2	0.00666667
637	1275.740	0	0
638	1277.782	2	0.00666667
639	1279.825	1	0.00333333
640	1281.867	3	0.01
641	1283.909	1	0.00333333
642	1285.951	1	0.00333333
643	1287.993	2	0.00666667
644	1290.035	0	0
645	1292.078	0	0
646	1294.120	1	0.00333333
647	1296.162	0	0
648	1298.204	2	0.00666667
649	1300.246	0	0
650	1302.288	1	0.00333333
651	1304.331	0	0
652	1306.373	1	0.00333333
653	1308.415	1	0.00333333
654	1310.457	1	0.00333333
655	1312.499	1	0.00333333
656	1314.541	0	0
657	1316.584	1	0.00333333
658	1318.626	3	0.01
659	1320.668	1	0.00333333
660	1322.710	2	0.00666667
661	1324.752	1	0.00333333
662	1326.794	2	0.00666667
663	1328.837	0	0
664	1330.879	1	0.00333333
665	1332.921	1	0.00333333
666	1334.963	2	0.00666667
667	1337.005	2	0.00666667
668	1339.047	0	0
669	1341.090	2	0.00666667
670	1343.132	2	0.00666667
671	1345.174	2	0.00666667
672	1347.216	1	0.00333333
673	1349.258	0	0
674	1351.300	3	0.01
675	1353.343	0	0
676	1355.385	2	0.00666667
677	1357.427	1	0.00333333
678	1359.469	0	0
679	1361.511	0	0
680	1363.554	0	0
681	1365.596	0	0
682	1367.638	3	0.01
683	1369.680	3	0.01
684	1371.722	0	0
685	1373.764	2	0.00666667
686	1375.807	1	0.00333333
687	1377.849	0	0
688	1379.891	0	0
689	1381.933	0	0
690	1383.975	2	0.00666667
691	1386.017	3	0.01
692	1388.060	1	0.00333333
693	1390.102	2	0.00666667
694	1392.144	1	0.00333333
695	1394.186	1	0.00333333
696	1396.228	1	0.00333333
697	1398.270	1	0.00333333
698	1400.313	2	0.00666667
699	1402.355	2	0.00666667
700	1404.397	0	0
701	1406.439	1	0.00333333
702	1408.481	0	0
703	1410.523	1	0.00333333
704	1412.566	1	0.00333333
705	1414.608	1	0.00333333
706	1416.650	3	0.01
707	1418.692	1	0.00333333
708	1420.734	1	0.00333333
709	1422.776	1	0.00333333
710	1424.819	2	0.00666667
711	1426.861	0	0
712	1428.903	2	0.00666667
713	1430.945	1	0.00333333
714	1432.987	0	0
715	1435.029	1	0.00333333
716	1437.072	1	0.00333333
717	1439.114	0	0
718	1441.156	1	0.00333333
719	1443.198	1	0.00333333
720	1445.240	0	0
721	1447.282	1	0.00333333
722	1449.325	3	0.01
723	1451.367	2	0.00666667
724	1453.409	2	0.00666667
725	1455.451	4	0.0133333
726	1457.493	2	0.00666667
727	1459.535	3	0.01
728	1461.578	1	0.00333333
729	1463.620	0	0
730	1465.662	0	0
731	1467.704	3	0.01
732	1469.746	0	0
733	1471.788	1	0.00333333
734	1473.831	1	0.00333333
735	1475.873	0	0
736	1477.915	4	0.0133333
737	1479.957	3	0.01
738	1481.999	3	0.01
739	1484.041	0	0
740	1486.084	1	0.00333333
741	1488.126	1	0.00333333
742	1490.168	1	0.00333333
743	1492.210	2	0.00666667
744	1494.252	1	0.00333333
745	1496.294	2	0.00666667
746	1498.337	2	0.00666667
747	1500.379	2	0.00666667
748	1502.421	2	0.00666667
749	1504.463	0	0
750	1506.505	1	0.00333333
751	1508.547	1	0.00333333
752	1510.590	3	0.01
753	1512.632	1	0.00333333
754	1514.674	1	0.00333333
755	1516.716	1	0.00333333
756	1518.758	2	0.00666667
757	1520.800	1	0.00333333
758	1522.843	2	0.00666667
759	1524.885	1	0.00333333
760	1526.927	1	0.00333333
761	1528.969	0	0
762	1531.011	0	0
763	1533.053	0	0
764	1535.096	1	0.00333333
765	1537.138	0	0
766	1539.180	2	0.00666667
767	1541.222	0	0
768	1543.264	1	0.00333333
769	1545.306	0	0
770	1547.349	2	0.00666667
771	1549.391	2	0.00666667
772	1551.433	0	0
773	1553.475	0	0
774	1555.517	1	0.00333333
775	1557.559	0	0
776	1559.602	1	0.00333333
777	1561.644	1	0.00333333
778	1563.686	2	0.00666667
779	1565.728	2	0.00666667
780	1567.770	1	0.00333333
781	1569.812	0	0
782	1571.855	1	0.00333333
783	1573.897	0	0
784	1575.939	2	0.00666667
785	1577.981	2	0.00666667
786	1580.023	0	0
787	1582.065	3	0.01
788	1584.108	1	0.00333333
789	1586.150	1	0.00333333
790	1588.192	1	0.00333333
791	1590.234	1	0.00333333
792	1592.276	1	0.00333333
793	1594.318	3	0.01
794	1596.361	0	0
795	1598.403	1	0.00333333
796	1600.445	1	0.00333333
797	1602.487	0	0
798	1604.529	0	0
799	1606.571	1	0.00333333
800	1608.614	1	0.00333333
801	1610.656	0	0
802	1612.698	0	0
803	1614.740	1	0.00333333
804	1616.782	0	0
805	1618.824	1	0.00333333
806	1620.867	2	0.00666667
807	1622.909	2	0.00666667
808	1624.951	0	0
809	1626.993	0	0
810	1629.035	1	0.00333333
811	1631.077	1	0.00333333
812	1633.120	0	0
813	1635.162	0	0
814	1637.204	0	0
815	1639.246	1	0.00333333
816	1641.288	1	0.00333333
817	1643.330	0	0
818	1645.373	0	0
819	1647.415	0	0
820	1649.457	0	0
821	1651.499	1	0.00333333
822	1653.541	1	0.00333333
823	1655.583	1	0.00333333
824	1657.626	0	0
825	1659.668	2	0.00666667
826	1661.710	0	0
827	1663.752	0	0
828	1665.794	0	0
829	1667.836	2	0.00666667
830	1669.879	2	0.00666667
831	1671.921	1	0.00333333
832	1673.963	0	0
833	1676.005	3	0.01
834	1678.047	0	0
835	1680.089	2	0.00666667
836	1682.132	1	0.00333333
837	1684.174	0	0
838	1686.216	1	0.00333333
839	1688.258	1	0.00333333
840	1690.300	2	0.00666667
841	1692.342	0	0
842	1694.385	2	0.00666667
843	1696.427	0	0
844	1698.469	3	0.01
845	1700.511	1	0.00333333
846	1702.553	0	0
847	1704.595	1	0.00333333
848	1706.638	0	0
849	1708.680	0	0
850	1710.722	4	0.0133333
851	1712.764	0	0
852	1714.806	1	0.00333333
853	1716.848	0	0
854	1718.891	0	0
855	1720.933	0	0
856	1722.975	0	0
857	1725.017	2	0.00666667
858	1727.059	3	0.01
859	1729.101	0	0
860	1731.144	2	0.00666667
861	1733.186	3	0.01
862	1735.228	0	0
863	1737.270	0	0
864	1739.312	1	0.00333333
865	1741.354	2	0.00666667
866	1743.397	1	0.00333333
867	1745.439	3	0.01
868	1747.481	0	0
869	1749.523	2	0.00666667
870	1751.565	0	0
871	1753.607	1	0.00333333
872	1755.650	0	0
873	1757.692	0	0
874	1759.734	0	0
875	1761.776	1	0.00333333
876	1763.818	1	0.00333333
877	1765.860	1	0.00333333
878	1767.903	3	0.01
879	1769.945	0	0
880	1771.987	1	0.00333333
881	1774.029	1	0.00333333
882	1776.071	1	0.00333333
883	1778.113	1	0.00333333
884	1780.156	1	0.00333333
885	1782.198	0	0
886	1784.240	1	0.00333333
887	1786.282	0	0
888	1788.324	2	0.00666667
889	1790.366	0	0
890	1792.409	0	0
891	1794.451	0	0
892	1796.493	0	0
893	1798.535	1	0.00333333
894	1800.577	0	0
895	1802.619	1	0.00333333
896	1804.662	3	0.01
897	1806.704	1	0.00333333
898	1808.746	2	0.00666667
899	1810.788	0	0
900	1812.830	0	0
901	1814.873	1	0.00333333
902	1816.915	4	0.0133333
903	1818.957	2	0.00666667
904	1820.999	1	0.00333333
905	1823.041	0	0
906	1825.083	2	0.00666667
907	1827.126	0	0
908	1829.168	2	0.00666667
909	1831.210	1	0.00333333
910	1833.252	2	0.00666667
911	1835.294	1	0.00333333
912	1837.336	1	0.00333333
913	1839.379	0	0
914	1841.421	1	0.00333333
915	1843.463	1	0.00333333
916	1845.505	1	0.00333333
917	1847.547	2	0.00666667
918	1849.589	1	0.00333333
919	1851.632	0	0
920	1853.674	1	0.00333333
921	1855.716	0	0
922	1857.758	1	0.00333333
923	1859.800	2	0.00666667
924	1861.842	2	0.00666667
925	1863.885	0	0
926	1865.927	0	0
927	1867.969	0	0
928	1870.011	0	0
929	1872.053	2	0.00666667
930	1874.095	1	0.00333333
931	1876.138	0	0
932	1878.180	2	0.00666667
933	1880.222	3	0.01
934	1882.264	2	0.00666667
935	1884.306	0	0
936	1886.348	1	0.00333333
937	1888.391	0	0
938	1890.433	1	0.00333333
939	1892.475	2	0.00666667
940	1894.517	1	0.00333333
941	1896.559	1	0.00333333
942	1898.601	3	0.01
943	1900.644	0	0
944	1902.686	1	0.00333333
945	1904.728	1	0.00333333
946	1906.770	1	0.00333333
947	1908.812	1	0.00333333
948	1910.854	1	0.00333333
949	1912.897	1	0.00333333
950	1914.939	0	0
951	1916.981	1	0.00333333
952	1919.023	0	0
953	1921.065	0	0
954	1923.107	1	0.00333333
955	1925.150	1	0.00333333
956	1927.192	0	0
957	1929.234	1	0.00333333
958	1931.276	0	0
959	1933.318	0	0
960	1935.360	1	0.00333333
961	1937.403	0	0
962	1939.445	0	0
963	1941.487	0	0
964	1943.529	1	0.00333333
965	1945.571	0	0
966	1947.613	1	0.00333333
967	1949.656	1	0.00333333
968	1951.698	0	0
969	1953.740	2	0.00666667
970	1955.782	0	0
971	1957.824	0	0
972	1959.866	0	0
973	1961.909	1	0.00333333
974	1963.951	0	0
975	1965.993	0	0
976	1968.035	0	0
977	1970.077	0	0
978	1972.119	1	0.00333333
979	1974.162	0	0
980	1976.204	1	0.00333333
981	1978.246	1	0.00333333
982	1980.288	1	0.00333333
983	1982.330	0	0
984	1984.372	0	0
985	1986.415	1	0.00333333
986	1988.457	1	0.00333333
987	1990.499	0	0
988	1992.541	1	0.00333333
989	1994.583	0	0
990	1996.625	0	0
991	1998.668	0	0
992	2000.710	1	0.00333333
993	2002.752	1	0.00333333
994	2004.794	1	0.00333333
995	2006.836	0	0
996	2008.878	0	0
997	2010.921	2	0.00666667
998	2012.963	1	0.00333333
999	2015.005	0	0
1000	2017.047	0	0
1001	2019.089	1	0.00333333
1002	2021.131	1	0.00333333
1003	2023.174	0	0
1004	2025.216	0	0
1005	2027.258	0	0
1006	2029.300	1	0.00333333
1007	2031.342	0	0
1008	2033.384	0	0
1009	2035.427	0	0
1010	2037.469	0	0
1011	2039.511	0	0
1012	2041.553	0	0
1013	2043.595	0	0
1014	2045.637	0	0
1015	2047.680	0	0
1016	2049.722	0	0
1017	2051.764	1	0.00333333
1018	2053.806	0	0
1019	2055.848	0	0
1020	2057.890	1	0.00333333
1021	2059.933	0	0
1022	2061.975	0	0
1023	2064.017	2	0.00666667
1024	2066.059	0	0
