Channel	Counts
1	0
2	0
3	0
4	0
5	0
6	0
7	0
8	2
9	234
10	1372
11	1731
12	1758
13	1720
14	1776
15	1734
16	1831
17	1873
18	1861
19	1913
20	1930
21	1943
22	1946
23	1955
24	1921
25	1975
26	1962
27	1947
28	1971
29	1969
30	1973
31	1983
32	2028
33	2021
34	2004
35	1966
36	1891
37	1899
38	1916
39	1980
40	1947
41	1987
42	1933
43	2010
44	1936
45	1908
46	1951
47	1985
48	2127
49	2130
50	2186
51	2308
52	2251
53	2257
54	2194
55	2337
56	2295
57	2249
58	2192
59	2149
60	2067
61	2091
62	2005
63	1967
64	1974
65	1876
66	1885
67	1906
68	1922
69	1889
70	1833
71	1811
72	1908
73	1908
74	1853
75	1849
76	1845
77	1913
78	1897
79	1864
80	1873
81	1887
82	1943
83	1844
84	1923
85	1848
86	1866
87	1888
88	1917
89	1799
90	1889
91	1867
92	1905
93	1770
94	1810
95	1864
96	1840
97	1852
98	1856
99	1918
100	1926
101	1936
102	1957
103	1932
104	1862
105	1853
106	1840
107	1926
108	1966
109	2043
110	2015
111	2095
112	2152
113	2109
114	2256
115	2367
116	2389
117	2353
118	2436
119	2454
120	2432
121	2563
122	2449
123	2495
124	2441
125	2448
126	2518
127	2400
128	2511
129	2397
130	2326
131	2359
132	2379
133	2322
134	2303
135	2274
136	2259
137	2385
138	2305
139	2274
140	2255
141	2209
142	2185
143	2253
144	2233
145	2190
146	2178
147	2133
148	2119
149	2317
150	2014
151	2155
152	2145
153	2167
154	2058
155	2160
156	2096
157	2037
158	2076
159	2049
160	2025
161	2157
162	2066
163	1975
164	2046
165	2049
166	2015
167	2072
168	1974
169	1964
170	1967
171	2025
172	1968
173	1965
174	1976
175	1957
176	1976
177	1900
178	1956
179	1854
180	1974
181	1929
182	1905
183	1916
184	1981
185	2026
186	1907
187	1944
188	1931
189	1887
190	1922
191	1877
192	1944
193	1951
194	1913
195	2010
196	2002
197	1912
198	2021
199	1991
200	1955
201	1902
202	1903
203	1908
204	1886
205	1839
206	1901
207	1913
208	1846
209	1800
210	1800
211	1833
212	1634
213	1624
214	1581
215	1506
216	1497
217	1412
218	1360
219	1315
220	1282
221	1205
222	1170
223	1036
224	1135
225	1018
226	1010
227	998
228	1053
229	954
230	901
231	905
232	887
233	900
234	842
235	838
236	863
237	805
238	793
239	787
240	743
241	753
242	763
243	734
244	718
245	723
246	712
247	777
248	726
249	692
250	726
251	691
252	668
253	643
254	673
255	632
256	682
257	656
258	656
259	634
260	624
261	626
262	635
263	607
264	570
265	598
266	615
267	566
268	569
269	620
270	595
271	606
272	647
273	576
274	577
275	582
276	583
277	640
278	622
279	625
280	592
281	624
282	548
283	616
284	601
285	604
286	625
287	598
288	584
289	585
290	613
291	635
292	598
293	635
294	626
295	683
296	652
297	660
298	687
299	729
300	773
301	794
302	914
303	962
304	1052
305	1291
306	1417
307	1576
308	1951
309	2233
310	2530
311	3014
312	3428
313	3994
314	4519
315	5183
316	5841
317	6798
318	7556
319	8282
320	9007
321	9940
322	10620
323	11482
324	12211
325	12802
326	13581
327	14076
328	14569
329	14585
330	14848
331	14957
332	15032
333	14649
334	14342
335	13696
336	13320
337	12396
338	11675
339	10730
340	9880
341	8970
342	7905
343	7366
344	6388
345	5463
346	4795
347	4148
348	3435
349	2961
350	2408
351	2106
352	1795
353	1403
354	1287
355	1055
356	911
357	813
358	672
359	621
360	578
361	561
362	532
363	485
364	484
365	433
366	490
367	431
368	470
369	460
370	458
371	434
372	449
373	446
374	438
375	449
376	453
377	414
378	410
379	470
380	476
381	416
382	426
383	429
384	436
385	456
386	460
387	438
388	404
389	422
390	440
391	435
392	466
393	469
394	435
395	432
396	414
397	440
398	416
399	404
400	449
401	421
402	427
403	421
404	448
405	422
406	418
407	383
408	383
409	437
410	396
411	402
412	404
413	380
414	376
415	414
416	392
417	416
418	426
419	421
420	411
421	426
422	452
423	429
424	431
425	429
426	419
427	410
428	417
429	404
430	425
431	417
432	399
433	468
434	453
435	424
436	445
437	458
438	446
439	437
440	424
441	484
442	462
443	416
444	454
445	451
446	469
447	444
448	507
449	476
450	475
451	432
452	434
453	443
454	456
455	468
456	467
457	502
458	491
459	469
460	477
461	473
462	464
463	470
464	500
465	452
466	485
467	448
468	471
469	466
470	490
471	456
472	490
473	437
474	480
475	459
476	480
477	477
478	456
479	502
480	466
481	440
482	487
483	483
484	438
485	493
486	425
487	467
488	506
489	413
490	451
491	458
492	497
493	486
494	448
495	457
496	498
497	440
498	452
499	442
500	460
501	449
502	459
503	438
504	432
505	418
506	444
507	457
508	451
509	487
510	470
511	447
512	454
513	461
514	463
515	429
516	423
517	442
518	446
519	418
520	401
521	423
522	416
523	437
524	430
525	398
526	465
527	450
528	395
529	390
530	423
531	426
532	413
533	445
534	430
535	448
536	457
537	429
538	424
539	420
540	439
541	430
542	406
543	452
544	415
545	438
546	408
547	423
548	441
549	438
550	397
551	423
552	443
553	450
554	441
555	394
556	439
557	415
558	379
559	431
560	432
561	389
562	401
563	434
564	388
565	440
566	435
567	411
568	425
569	437
570	437
571	398
572	457
573	436
574	420
575	408
576	426
577	447
578	409
579	431
580	415
581	422
582	455
583	453
584	473
585	446
586	450
587	428
588	412
589	429
590	473
591	451
592	464
593	459
594	436
595	437
596	444
597	442
598	449
599	426
600	452
601	462
602	459
603	429
604	488
605	458
606	492
607	439
608	442
609	429
610	454
611	481
612	504
613	490
614	450
615	480
616	423
617	491
618	480
619	444
620	473
621	447
622	476
623	469
624	438
625	508
626	448
627	486
628	459
629	520
630	532
631	476
632	458
633	425
634	468
635	459
636	499
637	420
638	465
639	472
640	492
641	454
642	476
643	467
644	425
645	467
646	397
647	437
648	429
649	437
650	416
651	436
652	432
653	429
654	417
655	366
656	399
657	392
658	410
659	373
660	396
661	375
662	330
663	341
664	323
665	343
666	321
667	359
668	323
669	320
670	289
671	296
672	307
673	282
674	300
675	291
676	285
677	275
678	320
679	284
680	307
681	281
682	252
683	246
684	269
685	262
686	266
687	245
688	243
689	255
690	230
691	276
692	253
693	245
694	231
695	233
696	277
697	218
698	254
699	236
700	234
701	253
702	222
703	232
704	220
705	250
706	215
707	206
708	179
709	224
710	207
711	212
712	189
713	200
714	223
715	204
716	191
717	214
718	217
719	204
720	213
721	177
722	192
723	217
724	184
725	172
726	183
727	204
728	204
729	171
730	183
731	166
732	185
733	178
734	187
735	188
736	186
737	203
738	197
739	169
740	160
741	173
742	186
743	191
744	193
745	165
746	191
747	180
748	194
749	185
750	212
751	202
752	195
753	184
754	191
755	195
756	185
757	221
758	238
759	198
760	221
761	223
762	229
763	258
764	264
765	255
766	300
767	289
768	350
769	341
770	364
771	410
772	398
773	441
774	463
775	465
776	539
777	544
778	630
779	637
780	733
781	743
782	778
783	819
784	826
785	902
786	1025
787	1039
788	1049
789	1038
790	1194
791	1175
792	1221
793	1232
794	1258
795	1337
796	1414
797	1364
798	1326
799	1394
800	1379
801	1402
802	1453
803	1410
804	1356
805	1423
806	1304
807	1290
808	1376
809	1242
810	1225
811	1175
812	1185
813	1142
814	1115
815	1035
816	1026
817	911
818	940
819	858
820	807
821	802
822	725
823	680
824	632
825	638
826	598
827	563
828	514
829	516
830	466
831	438
832	416
833	393
834	357
835	391
836	329
837	307
838	269
839	301
840	295
841	258
842	289
843	243
844	246
845	247
846	229
847	213
848	240
849	211
850	252
851	233
852	240
853	209
854	203
855	213
856	211
857	219
858	235
859	192
860	192
861	240
862	224
863	194
864	235
865	212
866	219
867	204
868	211
869	188
870	213
871	187
872	205
873	226
874	195
875	209
876	202
877	180
878	199
879	175
880	207
881	195
882	182
883	211
884	159
885	196
886	199
887	180
888	187
889	194
890	184
891	200
892	195
893	189
894	205
895	230
896	183
897	203
898	208
899	236
900	193
901	221
902	211
903	219
904	201
905	196
906	209
907	222
908	229
909	212
910	216
911	220
912	223
913	214
914	253
915	193
916	197
917	205
918	213
919	204
920	209
921	210
922	196
923	231
924	244
925	196
926	220
927	221
928	220
929	172
930	233
931	213
932	230
933	226
934	216
935	234
936	196
937	185
938	231
939	202
940	232
941	222
942	219
943	189
944	222
945	201
946	204
947	217
948	219
949	208
950	189
951	196
952	198
953	240
954	203
955	190
956	218
957	194
958	235
959	205
960	212
961	238
962	212
963	212
964	192
965	179
966	197
967	195
968	192
969	203
970	199
971	196
972	163
973	179
974	166
975	193
976	199
977	171
978	156
979	158
980	187
981	172
982	181
983	173
984	158
985	164
986	158
987	164
988	163
989	151
990	149
991	144
992	161
993	150
994	124
995	143
996	138
997	126
998	125
999	130
1000	107
1001	138
1002	113
1003	134
1004	131
1005	115
1006	127
1007	114
1008	122
1009	118
1010	106
1011	103
1012	118
1013	107
1014	93
1015	110
1016	103
1017	88
1018	77
1019	78
1020	85
1021	88
1022	80
1023	88
1024	78
