#
# Sample name: Sample title.                                                   
# Sample id:   
# Sample type: 
# User name:   
# Sample description: 
#
# Start time:    2019-03-22, 13:21:38
# Real time (s): 666.250
# Live time (s): 666.000
#
# Total counts:  40601
#
# Left marker:  237 (458.873 keV)
# Right marker: 274 (534.434 keV)
# Counts:  2186
#
# Energy calibration coefficients ( E = sum(Ai * n**i) )
#     A0: -25.120346
#     A1: 2.042167
#     A2: 0.000000
#     A3: 0.000000
# Energy unit: keV
#
# Channel data
# n	energy	counts	rate
#-----------------------------------------------------------------------
1	-23.078	0	0
2	-21.036	0	0
3	-18.994	0	0
4	-16.952	0	0
5	-14.910	0	0
6	-12.867	0	0
7	-10.825	0	0
8	-8.783	12	0.018018
9	-6.741	61	0.0915916
10	-4.699	57	0.0855856
11	-2.657	78	0.117117
12	-0.614	76	0.114114
13	1.428	70	0.105105
14	3.470	59	0.0885886
15	5.512	61	0.0915916
16	7.554	62	0.0930931
17	9.597	59	0.0885886
18	11.639	59	0.0885886
19	13.681	56	0.0840841
20	15.723	59	0.0885886
21	17.765	63	0.0945946
22	19.807	64	0.0960961
23	21.850	62	0.0930931
24	23.892	51	0.0765766
25	25.934	60	0.0900901
26	27.976	73	0.10961
27	30.018	76	0.114114
28	32.060	62	0.0930931
29	34.103	66	0.0990991
30	36.145	62	0.0930931
31	38.187	70	0.105105
32	40.229	77	0.115616
33	42.271	69	0.103604
34	44.313	71	0.106607
35	46.356	74	0.111111
36	48.398	78	0.117117
37	50.440	61	0.0915916
38	52.482	69	0.103604
39	54.524	81	0.121622
40	56.566	61	0.0915916
41	58.609	56	0.0840841
42	60.651	86	0.129129
43	62.693	58	0.0870871
44	64.735	73	0.10961
45	66.777	69	0.103604
46	68.819	71	0.106607
47	70.862	72	0.108108
48	72.904	85	0.127628
49	74.946	96	0.144144
50	76.988	93	0.13964
51	79.030	116	0.174174
52	81.072	114	0.171171
53	83.115	140	0.21021
54	85.157	130	0.195195
55	87.199	107	0.160661
56	89.241	120	0.18018
57	91.283	106	0.159159
58	93.325	91	0.136637
59	95.368	85	0.127628
60	97.410	92	0.138138
61	99.452	94	0.141141
62	101.494	95	0.142643
63	103.536	92	0.138138
64	105.578	92	0.138138
65	107.621	89	0.133634
66	109.663	82	0.123123
67	111.705	87	0.130631
68	113.747	79	0.118619
69	115.789	89	0.133634
70	117.831	80	0.12012
71	119.874	85	0.127628
72	121.916	74	0.111111
73	123.958	78	0.117117
74	126.000	77	0.115616
75	128.042	70	0.105105
76	130.084	93	0.13964
77	132.127	58	0.0870871
78	134.169	61	0.0915916
79	136.211	75	0.112613
80	138.253	82	0.123123
81	140.295	76	0.114114
82	142.337	71	0.106607
83	144.380	73	0.10961
84	146.422	74	0.111111
85	148.464	66	0.0990991
86	150.506	83	0.124625
87	152.548	79	0.118619
88	154.590	67	0.100601
89	156.633	80	0.12012
90	158.675	72	0.108108
91	160.717	82	0.123123
92	162.759	76	0.114114
93	164.801	96	0.144144
94	166.843	81	0.121622
95	168.886	68	0.102102
96	170.928	62	0.0930931
97	172.970	86	0.129129
98	175.012	71	0.106607
99	177.054	77	0.115616
100	179.096	91	0.136637
101	181.139	62	0.0930931
102	183.181	86	0.129129
103	185.223	77	0.115616
104	187.265	65	0.0975976
105	189.307	78	0.117117
106	191.349	76	0.114114
107	193.392	70	0.105105
108	195.434	63	0.0945946
109	197.476	80	0.12012
110	199.518	67	0.100601
111	201.560	74	0.111111
112	203.602	78	0.117117
113	205.645	79	0.118619
114	207.687	75	0.112613
115	209.729	67	0.100601
116	211.771	80	0.12012
117	213.813	65	0.0975976
118	215.855	64	0.0960961
119	217.898	86	0.129129
120	219.940	77	0.115616
121	221.982	83	0.124625
122	224.024	62	0.0930931
123	226.066	66	0.0990991
124	228.108	83	0.124625
125	230.151	94	0.141141
126	232.193	78	0.117117
127	234.235	68	0.102102
128	236.277	74	0.111111
129	238.319	96	0.144144
130	240.361	90	0.135135
131	242.404	90	0.135135
132	244.446	104	0.156156
133	246.488	91	0.136637
134	248.530	97	0.145646
135	250.572	104	0.156156
136	252.614	96	0.144144
137	254.657	95	0.142643
138	256.699	97	0.145646
139	258.741	105	0.157658
140	260.783	94	0.141141
141	262.825	84	0.126126
142	264.867	99	0.148649
143	266.910	108	0.162162
144	268.952	92	0.138138
145	270.994	84	0.126126
146	273.036	86	0.129129
147	275.078	99	0.148649
148	277.120	89	0.133634
149	279.163	93	0.13964
150	281.205	88	0.132132
151	283.247	96	0.144144
152	285.289	87	0.130631
153	287.331	78	0.117117
154	289.373	83	0.124625
155	291.416	76	0.114114
156	293.458	81	0.121622
157	295.500	99	0.148649
158	297.542	91	0.136637
159	299.584	88	0.132132
160	301.626	82	0.123123
161	303.669	81	0.121622
162	305.711	69	0.103604
163	307.753	81	0.121622
164	309.795	82	0.123123
165	311.837	88	0.132132
166	313.879	80	0.12012
167	315.922	82	0.123123
168	317.964	90	0.135135
169	320.006	72	0.108108
170	322.048	71	0.106607
171	324.090	82	0.123123
172	326.132	78	0.117117
173	328.175	76	0.114114
174	330.217	63	0.0945946
175	332.259	60	0.0900901
176	334.301	81	0.121622
177	336.343	76	0.114114
178	338.385	68	0.102102
179	340.428	75	0.112613
180	342.470	76	0.114114
181	344.512	65	0.0975976
182	346.554	75	0.112613
183	348.596	81	0.121622
184	350.638	82	0.123123
185	352.681	75	0.112613
186	354.723	71	0.106607
187	356.765	67	0.100601
188	358.807	70	0.105105
189	360.849	76	0.114114
190	362.891	80	0.12012
191	364.934	64	0.0960961
192	366.976	76	0.114114
193	369.018	72	0.108108
194	371.060	82	0.123123
195	373.102	73	0.10961
196	375.144	76	0.114114
197	377.187	62	0.0930931
198	379.229	74	0.111111
199	381.271	61	0.0915916
200	383.313	65	0.0975976
201	385.355	45	0.0675676
202	387.397	83	0.124625
203	389.440	54	0.0810811
204	391.482	61	0.0915916
205	393.524	59	0.0885886
206	395.566	64	0.0960961
207	397.608	70	0.105105
208	399.650	59	0.0885886
209	401.693	64	0.0960961
210	403.735	61	0.0915916
211	405.777	60	0.0900901
212	407.819	58	0.0870871
213	409.861	68	0.102102
214	411.903	66	0.0990991
215	413.946	67	0.100601
216	415.988	55	0.0825826
217	418.030	66	0.0990991
218	420.072	60	0.0900901
219	422.114	57	0.0855856
220	424.156	73	0.10961
221	426.199	61	0.0915916
222	428.241	58	0.0870871
223	430.283	60	0.0900901
224	432.325	60	0.0900901
225	434.367	67	0.100601
226	436.409	53	0.0795796
227	438.452	68	0.102102
228	440.494	64	0.0960961
229	442.536	57	0.0855856
230	444.578	55	0.0825826
231	446.620	70	0.105105
232	448.662	62	0.0930931
233	450.705	73	0.10961
234	452.747	65	0.0975976
235	454.789	56	0.0840841
236	456.831	52	0.0780781
237	458.873	66	0.0990991
238	460.916	54	0.0810811
239	462.958	48	0.0720721
240	465.000	52	0.0780781
241	467.042	43	0.0645646
242	469.084	68	0.102102
243	471.126	66	0.0990991
244	473.169	48	0.0720721
245	475.211	59	0.0885886
246	477.253	45	0.0675676
247	479.295	56	0.0840841
248	481.337	71	0.106607
249	483.379	56	0.0840841
250	485.422	61	0.0915916
251	487.464	62	0.0930931
252	489.506	61	0.0915916
253	491.548	65	0.0975976
254	493.590	54	0.0810811
255	495.632	57	0.0855856
256	497.675	66	0.0990991
257	499.717	64	0.0960961
258	501.759	59	0.0885886
259	503.801	67	0.100601
260	505.843	64	0.0960961
261	507.885	58	0.0870871
262	509.928	61	0.0915916
263	511.970	56	0.0840841
264	514.012	60	0.0900901
265	516.054	64	0.0960961
266	518.096	66	0.0990991
267	520.138	59	0.0885886
268	522.181	65	0.0975976
269	524.223	61	0.0915916
270	526.265	62	0.0930931
271	528.307	54	0.0810811
272	530.349	60	0.0900901
273	532.391	63	0.0945946
274	534.434	51	0.0765766
275	536.476	46	0.0690691
276	538.518	55	0.0825826
277	540.560	59	0.0885886
278	542.602	56	0.0840841
279	544.644	55	0.0825826
280	546.687	57	0.0855856
281	548.729	49	0.0735736
282	550.771	49	0.0735736
283	552.813	54	0.0810811
284	554.855	70	0.105105
285	556.897	62	0.0930931
286	558.940	69	0.103604
287	560.982	57	0.0855856
288	563.024	51	0.0765766
289	565.066	60	0.0900901
290	567.108	43	0.0645646
291	569.150	53	0.0795796
292	571.193	55	0.0825826
293	573.235	62	0.0930931
294	575.277	44	0.0660661
295	577.319	49	0.0735736
296	579.361	48	0.0720721
297	581.403	52	0.0780781
298	583.446	53	0.0795796
299	585.488	57	0.0855856
300	587.530	61	0.0915916
301	589.572	54	0.0810811
302	591.614	48	0.0720721
303	593.656	66	0.0990991
304	595.699	52	0.0780781
305	597.741	51	0.0765766
306	599.783	55	0.0825826
307	601.825	66	0.0990991
308	603.867	66	0.0990991
309	605.909	51	0.0765766
310	607.952	63	0.0945946
311	609.994	58	0.0870871
312	612.036	60	0.0900901
313	614.078	58	0.0870871
314	616.120	54	0.0810811
315	618.162	53	0.0795796
316	620.205	55	0.0825826
317	622.247	43	0.0645646
318	624.289	70	0.105105
319	626.331	61	0.0915916
320	628.373	70	0.105105
321	630.415	60	0.0900901
322	632.458	44	0.0660661
323	634.500	61	0.0915916
324	636.542	52	0.0780781
325	638.584	40	0.0600601
326	640.626	52	0.0780781
327	642.668	65	0.0975976
328	644.711	63	0.0945946
329	646.753	65	0.0975976
330	648.795	55	0.0825826
331	650.837	68	0.102102
332	652.879	62	0.0930931
333	654.921	56	0.0840841
334	656.964	72	0.108108
335	659.006	66	0.0990991
336	661.048	61	0.0915916
337	663.090	76	0.114114
338	665.132	70	0.105105
339	667.174	66	0.0990991
340	669.217	73	0.10961
341	671.259	57	0.0855856
342	673.301	67	0.100601
343	675.343	59	0.0885886
344	677.385	76	0.114114
345	679.427	64	0.0960961
346	681.470	71	0.106607
347	683.512	45	0.0675676
348	685.554	67	0.100601
349	687.596	58	0.0870871
350	689.638	66	0.0990991
351	691.680	60	0.0900901
352	693.723	57	0.0855856
353	695.765	69	0.103604
354	697.807	60	0.0900901
355	699.849	65	0.0975976
356	701.891	74	0.111111
357	703.933	63	0.0945946
358	705.976	62	0.0930931
359	708.018	62	0.0930931
360	710.060	83	0.124625
361	712.102	73	0.10961
362	714.144	68	0.102102
363	716.186	66	0.0990991
364	718.229	54	0.0810811
365	720.271	73	0.10961
366	722.313	73	0.10961
367	724.355	60	0.0900901
368	726.397	74	0.111111
369	728.439	66	0.0990991
370	730.482	55	0.0825826
371	732.524	55	0.0825826
372	734.566	57	0.0855856
373	736.608	80	0.12012
374	738.650	63	0.0945946
375	740.692	54	0.0810811
376	742.735	72	0.108108
377	744.777	58	0.0870871
378	746.819	75	0.112613
379	748.861	76	0.114114
380	750.903	72	0.108108
381	752.945	77	0.115616
382	754.988	78	0.117117
383	757.030	71	0.106607
384	759.072	51	0.0765766
385	761.114	50	0.0750751
386	763.156	55	0.0825826
387	765.198	71	0.106607
388	767.241	56	0.0840841
389	769.283	49	0.0735736
390	771.325	56	0.0840841
391	773.367	54	0.0810811
392	775.409	65	0.0975976
393	777.451	56	0.0840841
394	779.494	57	0.0855856
395	781.536	44	0.0660661
396	783.578	49	0.0735736
397	785.620	41	0.0615616
398	787.662	31	0.0465465
399	789.704	35	0.0525526
400	791.747	41	0.0615616
401	793.789	32	0.048048
402	795.831	51	0.0765766
403	797.873	37	0.0555556
404	799.915	40	0.0600601
405	801.957	36	0.0540541
406	804.000	34	0.0510511
407	806.042	43	0.0645646
408	808.084	26	0.039039
409	810.126	34	0.0510511
410	812.168	33	0.0495495
411	814.210	30	0.045045
412	816.253	15	0.0225225
413	818.295	24	0.036036
414	820.337	26	0.039039
415	822.379	25	0.0375375
416	824.421	32	0.048048
417	826.463	22	0.033033
418	828.506	28	0.042042
419	830.548	19	0.0285285
420	832.590	23	0.0345345
421	834.632	19	0.0285285
422	836.674	19	0.0285285
423	838.716	28	0.042042
424	840.759	22	0.033033
425	842.801	22	0.033033
426	844.843	24	0.036036
427	846.885	24	0.036036
428	848.927	18	0.027027
429	850.969	21	0.0315315
430	853.012	18	0.027027
431	855.054	12	0.018018
432	857.096	16	0.024024
433	859.138	19	0.0285285
434	861.180	16	0.024024
435	863.222	18	0.027027
436	865.265	14	0.021021
437	867.307	24	0.036036
438	869.349	16	0.024024
439	871.391	18	0.027027
440	873.433	22	0.033033
441	875.475	12	0.018018
442	877.518	15	0.0225225
443	879.560	12	0.018018
444	881.602	11	0.0165165
445	883.644	13	0.0195195
446	885.686	17	0.0255255
447	887.728	7	0.0105105
448	889.771	19	0.0285285
449	891.813	14	0.021021
450	893.855	10	0.015015
451	895.897	6	0.00900901
452	897.939	13	0.0195195
453	899.981	4	0.00600601
454	902.024	6	0.00900901
455	904.066	13	0.0195195
456	906.108	12	0.018018
457	908.150	8	0.012012
458	910.192	14	0.021021
459	912.235	9	0.0135135
460	914.277	16	0.024024
461	916.319	10	0.015015
462	918.361	18	0.027027
463	920.403	9	0.0135135
464	922.445	8	0.012012
465	924.488	7	0.0105105
466	926.530	11	0.0165165
467	928.572	15	0.0225225
468	930.614	10	0.015015
469	932.656	11	0.0165165
470	934.698	14	0.021021
471	936.741	13	0.0195195
472	938.783	6	0.00900901
473	940.825	14	0.021021
474	942.867	14	0.021021
475	944.909	12	0.018018
476	946.951	12	0.018018
477	948.994	16	0.024024
478	951.036	10	0.015015
479	953.078	8	0.012012
480	955.120	8	0.012012
481	957.162	7	0.0105105
482	959.204	2	0.003003
483	961.247	13	0.0195195
484	963.289	8	0.012012
485	965.331	17	0.0255255
486	967.373	9	0.0135135
487	969.415	11	0.0165165
488	971.457	16	0.024024
489	973.500	14	0.021021
490	975.542	12	0.018018
491	977.584	17	0.0255255
492	979.626	18	0.027027
493	981.668	18	0.027027
494	983.710	12	0.018018
495	985.753	24	0.036036
496	987.795	23	0.0345345
497	989.837	25	0.0375375
498	991.879	28	0.042042
499	993.921	36	0.0540541
500	995.963	29	0.0435435
501	998.006	41	0.0615616
502	1000.048	40	0.0600601
503	1002.090	63	0.0945946
504	1004.132	63	0.0945946
505	1006.174	70	0.105105
506	1008.216	78	0.117117
507	1010.259	66	0.0990991
508	1012.301	81	0.121622
509	1014.343	97	0.145646
510	1016.385	120	0.18018
511	1018.427	126	0.189189
512	1020.469	121	0.181682
513	1022.512	144	0.216216
514	1024.554	161	0.241742
515	1026.596	161	0.241742
516	1028.638	184	0.276276
517	1030.680	186	0.279279
518	1032.722	214	0.321321
519	1034.765	241	0.361862
520	1036.807	217	0.325826
521	1038.849	265	0.397898
522	1040.891	262	0.393393
523	1042.933	289	0.433934
524	1044.975	271	0.406907
525	1047.018	272	0.408408
526	1049.060	307	0.460961
527	1051.102	291	0.436937
528	1053.144	298	0.447447
529	1055.186	282	0.423423
530	1057.228	313	0.46997
531	1059.271	315	0.472973
532	1061.313	314	0.471471
533	1063.355	294	0.441441
534	1065.397	269	0.403904
535	1067.439	310	0.465465
536	1069.481	306	0.459459
537	1071.524	244	0.366366
538	1073.566	255	0.382883
539	1075.608	268	0.402402
540	1077.650	258	0.387387
541	1079.692	230	0.345345
542	1081.734	233	0.34985
543	1083.777	196	0.294294
544	1085.819	182	0.273273
545	1087.861	147	0.220721
546	1089.903	161	0.241742
547	1091.945	155	0.232733
548	1093.987	138	0.207207
549	1096.030	125	0.187688
550	1098.072	108	0.162162
551	1100.114	89	0.133634
552	1102.156	76	0.114114
553	1104.198	56	0.0840841
554	1106.240	55	0.0825826
555	1108.283	61	0.0915916
556	1110.325	56	0.0840841
557	1112.367	39	0.0585586
558	1114.409	36	0.0540541
559	1116.451	32	0.048048
560	1118.493	31	0.0465465
561	1120.536	34	0.0510511
562	1122.578	17	0.0255255
563	1124.620	17	0.0255255
564	1126.662	18	0.027027
565	1128.704	18	0.027027
566	1130.746	6	0.00900901
567	1132.789	6	0.00900901
568	1134.831	12	0.018018
569	1136.873	3	0.0045045
570	1138.915	8	0.012012
571	1140.957	4	0.00600601
572	1142.999	8	0.012012
573	1145.042	4	0.00600601
574	1147.084	3	0.0045045
575	1149.126	5	0.00750751
576	1151.168	5	0.00750751
577	1153.210	4	0.00600601
578	1155.252	8	0.012012
579	1157.295	2	0.003003
580	1159.337	6	0.00900901
581	1161.379	4	0.00600601
582	1163.421	2	0.003003
583	1165.463	5	0.00750751
584	1167.505	5	0.00750751
585	1169.548	3	0.0045045
586	1171.590	4	0.00600601
587	1173.632	6	0.00900901
588	1175.674	2	0.003003
589	1177.716	6	0.00900901
590	1179.758	1	0.0015015
591	1181.801	5	0.00750751
592	1183.843	7	0.0105105
593	1185.885	5	0.00750751
594	1187.927	3	0.0045045
595	1189.969	7	0.0105105
596	1192.011	3	0.0045045
597	1194.054	5	0.00750751
598	1196.096	8	0.012012
599	1198.138	4	0.00600601
600	1200.180	4	0.00600601
601	1202.222	7	0.0105105
602	1204.264	5	0.00750751
603	1206.307	6	0.00900901
604	1208.349	5	0.00750751
605	1210.391	1	0.0015015
606	1212.433	1	0.0015015
607	1214.475	5	0.00750751
608	1216.517	4	0.00600601
609	1218.560	1	0.0015015
610	1220.602	6	0.00900901
611	1222.644	1	0.0015015
612	1224.686	4	0.00600601
613	1226.728	2	0.003003
614	1228.770	3	0.0045045
615	1230.813	4	0.00600601
616	1232.855	2	0.003003
617	1234.897	5	0.00750751
618	1236.939	6	0.00900901
619	1238.981	6	0.00900901
620	1241.023	3	0.0045045
621	1243.066	6	0.00900901
622	1245.108	5	0.00750751
623	1247.150	5	0.00750751
624	1249.192	2	0.003003
625	1251.234	6	0.00900901
626	1253.276	4	0.00600601
627	1255.319	5	0.00750751
628	1257.361	2	0.003003
629	1259.403	5	0.00750751
630	1261.445	4	0.00600601
631	1263.487	2	0.003003
632	1265.529	5	0.00750751
633	1267.572	2	0.003003
634	1269.614	4	0.00600601
635	1271.656	2	0.003003
636	1273.698	7	0.0105105
637	1275.740	2	0.003003
638	1277.782	0	0
639	1279.825	5	0.00750751
640	1281.867	3	0.0045045
641	1283.909	2	0.003003
642	1285.951	3	0.0045045
643	1287.993	4	0.00600601
644	1290.035	7	0.0105105
645	1292.078	3	0.0045045
646	1294.120	6	0.00900901
647	1296.162	6	0.00900901
648	1298.204	4	0.00600601
649	1300.246	8	0.012012
650	1302.288	2	0.003003
651	1304.331	4	0.00600601
652	1306.373	1	0.0015015
653	1308.415	5	0.00750751
654	1310.457	1	0.0015015
655	1312.499	0	0
656	1314.541	3	0.0045045
657	1316.584	6	0.00900901
658	1318.626	2	0.003003
659	1320.668	1	0.0015015
660	1322.710	3	0.0045045
661	1324.752	1	0.0015015
662	1326.794	5	0.00750751
663	1328.837	3	0.0045045
664	1330.879	2	0.003003
665	1332.921	2	0.003003
666	1334.963	3	0.0045045
667	1337.005	1	0.0015015
668	1339.047	3	0.0045045
669	1341.090	6	0.00900901
670	1343.132	1	0.0015015
671	1345.174	6	0.00900901
672	1347.216	4	0.00600601
673	1349.258	1	0.0015015
674	1351.300	5	0.00750751
675	1353.343	2	0.003003
676	1355.385	4	0.00600601
677	1357.427	1	0.0015015
678	1359.469	2	0.003003
679	1361.511	3	0.0045045
680	1363.554	4	0.00600601
681	1365.596	3	0.0045045
682	1367.638	2	0.003003
683	1369.680	6	0.00900901
684	1371.722	3	0.0045045
685	1373.764	5	0.00750751
686	1375.807	0	0
687	1377.849	6	0.00900901
688	1379.891	3	0.0045045
689	1381.933	5	0.00750751
690	1383.975	1	0.0015015
691	1386.017	3	0.0045045
692	1388.060	2	0.003003
693	1390.102	3	0.0045045
694	1392.144	3	0.0045045
695	1394.186	2	0.003003
696	1396.228	3	0.0045045
697	1398.270	2	0.003003
698	1400.313	4	0.00600601
699	1402.355	4	0.00600601
700	1404.397	4	0.00600601
701	1406.439	1	0.0015015
702	1408.481	3	0.0045045
703	1410.523	7	0.0105105
704	1412.566	4	0.00600601
705	1414.608	3	0.0045045
706	1416.650	6	0.00900901
707	1418.692	1	0.0015015
708	1420.734	3	0.0045045
709	1422.776	6	0.00900901
710	1424.819	2	0.003003
711	1426.861	1	0.0015015
712	1428.903	3	0.0045045
713	1430.945	3	0.0045045
714	1432.987	6	0.00900901
715	1435.029	3	0.0045045
716	1437.072	2	0.003003
717	1439.114	4	0.00600601
718	1441.156	3	0.0045045
719	1443.198	6	0.00900901
720	1445.240	7	0.0105105
721	1447.282	3	0.0045045
722	1449.325	5	0.00750751
723	1451.367	3	0.0045045
724	1453.409	3	0.0045045
725	1455.451	3	0.0045045
726	1457.493	5	0.00750751
727	1459.535	7	0.0105105
728	1461.578	6	0.00900901
729	1463.620	3	0.0045045
730	1465.662	6	0.00900901
731	1467.704	2	0.003003
732	1469.746	1	0.0015015
733	1471.788	3	0.0045045
734	1473.831	1	0.0015015
735	1475.873	3	0.0045045
736	1477.915	3	0.0045045
737	1479.957	6	0.00900901
738	1481.999	1	0.0015015
739	1484.041	8	0.012012
740	1486.084	0	0
741	1488.126	1	0.0015015
742	1490.168	1	0.0015015
743	1492.210	5	0.00750751
744	1494.252	1	0.0015015
745	1496.294	3	0.0045045
746	1498.337	1	0.0015015
747	1500.379	3	0.0045045
748	1502.421	3	0.0045045
749	1504.463	0	0
750	1506.505	4	0.00600601
751	1508.547	1	0.0015015
752	1510.590	3	0.0045045
753	1512.632	2	0.003003
754	1514.674	4	0.00600601
755	1516.716	2	0.003003
756	1518.758	3	0.0045045
757	1520.800	1	0.0015015
758	1522.843	2	0.003003
759	1524.885	2	0.003003
760	1526.927	1	0.0015015
761	1528.969	3	0.0045045
762	1531.011	2	0.003003
763	1533.053	1	0.0015015
764	1535.096	1	0.0015015
765	1537.138	3	0.0045045
766	1539.180	4	0.00600601
767	1541.222	4	0.00600601
768	1543.264	2	0.003003
769	1545.306	3	0.0045045
770	1547.349	5	0.00750751
771	1549.391	2	0.003003
772	1551.433	5	0.00750751
773	1553.475	3	0.0045045
774	1555.517	4	0.00600601
775	1557.559	1	0.0015015
776	1559.602	4	0.00600601
777	1561.644	0	0
778	1563.686	0	0
779	1565.728	4	0.00600601
780	1567.770	6	0.00900901
781	1569.812	3	0.0045045
782	1571.855	2	0.003003
783	1573.897	0	0
784	1575.939	1	0.0015015
785	1577.981	3	0.0045045
786	1580.023	3	0.0045045
787	1582.065	2	0.003003
788	1584.108	2	0.003003
789	1586.150	1	0.0015015
790	1588.192	7	0.0105105
791	1590.234	1	0.0015015
792	1592.276	0	0
793	1594.318	2	0.003003
794	1596.361	0	0
795	1598.403	2	0.003003
796	1600.445	1	0.0015015
797	1602.487	2	0.003003
798	1604.529	1	0.0015015
799	1606.571	2	0.003003
800	1608.614	0	0
801	1610.656	5	0.00750751
802	1612.698	0	0
803	1614.740	2	0.003003
804	1616.782	1	0.0015015
805	1618.824	3	0.0045045
806	1620.867	5	0.00750751
807	1622.909	0	0
808	1624.951	2	0.003003
809	1626.993	2	0.003003
810	1629.035	2	0.003003
811	1631.077	2	0.003003
812	1633.120	1	0.0015015
813	1635.162	0	0
814	1637.204	3	0.0045045
815	1639.246	0	0
816	1641.288	1	0.0015015
817	1643.330	4	0.00600601
818	1645.373	2	0.003003
819	1647.415	0	0
820	1649.457	5	0.00750751
821	1651.499	4	0.00600601
822	1653.541	2	0.003003
823	1655.583	1	0.0015015
824	1657.626	6	0.00900901
825	1659.668	3	0.0045045
826	1661.710	4	0.00600601
827	1663.752	2	0.003003
828	1665.794	2	0.003003
829	1667.836	2	0.003003
830	1669.879	4	0.00600601
831	1671.921	1	0.0015015
832	1673.963	3	0.0045045
833	1676.005	3	0.0045045
834	1678.047	1	0.0015015
835	1680.089	3	0.0045045
836	1682.132	3	0.0045045
837	1684.174	3	0.0045045
838	1686.216	2	0.003003
839	1688.258	2	0.003003
840	1690.300	4	0.00600601
841	1692.342	5	0.00750751
842	1694.385	0	0
843	1696.427	1	0.0015015
844	1698.469	0	0
845	1700.511	2	0.003003
846	1702.553	2	0.003003
847	1704.595	3	0.0045045
848	1706.638	3	0.0045045
849	1708.680	0	0
850	1710.722	3	0.0045045
851	1712.764	1	0.0015015
852	1714.806	2	0.003003
853	1716.848	3	0.0045045
854	1718.891	1	0.0015015
855	1720.933	4	0.00600601
856	1722.975	3	0.0045045
857	1725.017	1	0.0015015
858	1727.059	0	0
859	1729.101	2	0.003003
860	1731.144	1	0.0015015
861	1733.186	4	0.00600601
862	1735.228	1	0.0015015
863	1737.270	0	0
864	1739.312	3	0.0045045
865	1741.354	0	0
866	1743.397	2	0.003003
867	1745.439	2	0.003003
868	1747.481	0	0
869	1749.523	5	0.00750751
870	1751.565	1	0.0015015
871	1753.607	4	0.00600601
872	1755.650	0	0
873	1757.692	3	0.0045045
874	1759.734	2	0.003003
875	1761.776	0	0
876	1763.818	2	0.003003
877	1765.860	1	0.0015015
878	1767.903	1	0.0015015
879	1769.945	3	0.0045045
880	1771.987	1	0.0015015
881	1774.029	2	0.003003
882	1776.071	1	0.0015015
883	1778.113	2	0.003003
884	1780.156	0	0
885	1782.198	0	0
886	1784.240	0	0
887	1786.282	3	0.0045045
888	1788.324	2	0.003003
889	1790.366	3	0.0045045
890	1792.409	1	0.0015015
891	1794.451	2	0.003003
892	1796.493	2	0.003003
893	1798.535	0	0
894	1800.577	0	0
895	1802.619	3	0.0045045
896	1804.662	1	0.0015015
897	1806.704	2	0.003003
898	1808.746	2	0.003003
899	1810.788	2	0.003003
900	1812.830	0	0
901	1814.873	4	0.00600601
902	1816.915	2	0.003003
903	1818.957	5	0.00750751
904	1820.999	1	0.0015015
905	1823.041	3	0.0045045
906	1825.083	5	0.00750751
907	1827.126	4	0.00600601
908	1829.168	3	0.0045045
909	1831.210	3	0.0045045
910	1833.252	1	0.0015015
911	1835.294	4	0.00600601
912	1837.336	1	0.0015015
913	1839.379	6	0.00900901
914	1841.421	7	0.0105105
915	1843.463	2	0.003003
916	1845.505	1	0.0015015
917	1847.547	4	0.00600601
918	1849.589	3	0.0045045
919	1851.632	2	0.003003
920	1853.674	2	0.003003
921	1855.716	5	0.00750751
922	1857.758	3	0.0045045
923	1859.800	1	0.0015015
924	1861.842	2	0.003003
925	1863.885	4	0.00600601
926	1865.927	3	0.0045045
927	1867.969	6	0.00900901
928	1870.011	3	0.0045045
929	1872.053	2	0.003003
930	1874.095	2	0.003003
931	1876.138	3	0.0045045
932	1878.180	2	0.003003
933	1880.222	2	0.003003
934	1882.264	1	0.0015015
935	1884.306	3	0.0045045
936	1886.348	2	0.003003
937	1888.391	5	0.00750751
938	1890.433	3	0.0045045
939	1892.475	0	0
940	1894.517	2	0.003003
941	1896.559	0	0
942	1898.601	3	0.0045045
943	1900.644	2	0.003003
944	1902.686	1	0.0015015
945	1904.728	0	0
946	1906.770	3	0.0045045
947	1908.812	1	0.0015015
948	1910.854	1	0.0015015
949	1912.897	1	0.0015015
950	1914.939	2	0.003003
951	1916.981	0	0
952	1919.023	1	0.0015015
953	1921.065	2	0.003003
954	1923.107	0	0
955	1925.150	2	0.003003
956	1927.192	0	0
957	1929.234	1	0.0015015
958	1931.276	0	0
959	1933.318	1	0.0015015
960	1935.360	1	0.0015015
961	1937.403	1	0.0015015
962	1939.445	3	0.0045045
963	1941.487	1	0.0015015
964	1943.529	3	0.0045045
965	1945.571	2	0.003003
966	1947.613	0	0
967	1949.656	2	0.003003
968	1951.698	0	0
969	1953.740	1	0.0015015
970	1955.782	1	0.0015015
971	1957.824	2	0.003003
972	1959.866	1	0.0015015
973	1961.909	2	0.003003
974	1963.951	1	0.0015015
975	1965.993	2	0.003003
976	1968.035	4	0.00600601
977	1970.077	1	0.0015015
978	1972.119	0	0
979	1974.162	2	0.003003
980	1976.204	3	0.0045045
981	1978.246	1	0.0015015
982	1980.288	2	0.003003
983	1982.330	1	0.0015015
984	1984.372	1	0.0015015
985	1986.415	3	0.0045045
986	1988.457	2	0.003003
987	1990.499	4	0.00600601
988	1992.541	0	0
989	1994.583	0	0
990	1996.625	0	0
991	1998.668	4	0.00600601
992	2000.710	1	0.0015015
993	2002.752	1	0.0015015
994	2004.794	1	0.0015015
995	2006.836	0	0
996	2008.878	0	0
997	2010.921	1	0.0015015
998	2012.963	1	0.0015015
999	2015.005	1	0.0015015
1000	2017.047	0	0
1001	2019.089	0	0
1002	2021.131	2	0.003003
1003	2023.174	0	0
1004	2025.216	0	0
1005	2027.258	1	0.0015015
1006	2029.300	2	0.003003
1007	2031.342	2	0.003003
1008	2033.384	1	0.0015015
1009	2035.427	0	0
1010	2037.469	0	0
1011	2039.511	1	0.0015015
1012	2041.553	2	0.003003
1013	2043.595	1	0.0015015
1014	2045.637	0	0
1015	2047.680	5	0.00750751
1016	2049.722	2	0.003003
1017	2051.764	0	0
1018	2053.806	1	0.0015015
1019	2055.848	0	0
1020	2057.890	0	0
1021	2059.933	1	0.0015015
1022	2061.975	0	0
1023	2064.017	0	0
1024	2066.059	1	0.0015015
